O
0
100
795
795
N
1
0
710
800
C
2
100
645
800
N
3
1
580
800
O
4
100
515
800
B
5
22
450
800
N
6
2
385
800
C
7
100
320
800
N
8
3
255
800
N
9
4
190
800
X
10
100
72
775
N
11
5
95
710
U
12
26
95
645
N
13
6
95
580
N
14
7
95
515
B
15
23
95
450
N
16
8
95
385
C
17
100
95
320
N
18
9
95
255
N
19
10
95
190
X
20
100
105
105
N
21
11
190
100
C
22
100
255
100
N
23
12
320
100
N
24
13
385
100
B
25
24
450
100
N
26
14
515
100
N
27
15
580
100
U
28
27
645
100
N
29
16
710
100
J
30
100
125
775
N
31
17
800
190
N
32
18
800
255
C
33
100
800
320
N
34
19
800
385
B
35
25
800
450
C
36
100
800
515
N
37
20
800
580
O
38
100
800
645
N
39
21
800
710